[Train]
train_size = 0.8
clip = 3
epochs = 500
train_batch_size = 30
train_dir = ../dataset/clementi_dataset

[Common]
sequence_length = 50
input_size = 1
hidden_size = 256
num_layer = 2
output_size = 38
weights_loc = ../weights/lstm_state_256-38-approach1.pt


[Test]
test_batch_size = 1
test_dir = ../dataset/test_data

[Save]
initial_seq = [[[0.8539325594902039], [0.8089887499809265], [0.7528089880943298], [0.8089887499809265], [0.8539325594902039], [0.8089887499809265], [0.7528089880943298], [0.8876404762268066], [0.8651685118675232], [0.8539325594902039], [0.8314606547355652], [0.8089887499809265], [0.7977527976036072], [0.8089887499809265], [0.7977527976036072], [0.8089887499809265], [0.8314606547355652], [0.8089887499809265], [0.7977527976036072], [0.7752808928489685], [0.7528089880943298], [0.8089887499809265], [0.8539325594902039], [0.8089887499809265], [0.7528089880943298], [0.8539325594902039], [0.8876404762268066], [0.8539325594902039], [0.8089887499809265], [0.8539325594902039], [0.8089887499809265], [0.8314606547355652], [0.7977527976036072], [0.8089887499809265], [0.7752808928489685], [0.7977527976036072], [0.7528089880943298], [0.7752808928489685], [0.7415730357170105], [0.7528089880943298], [0.7752808928489685], [0.7977527976036072], [0.8089887499809265], [0.8314606547355652], [0.8539325594902039], [0.8764045238494873], [0.8876404762268066], [0.7752808928489685], [0.9101123809814453]]]
int2note = {0: 50, 1: 52, 2: 53, 3: 54, 4: 55, 5: 56, 6: 57, 7: 58, 8: 59, 9: 60, 10: 61, 11: 62, 12: 63, 13: 64, 14: 65, 15: 66, 16: 67, 17: 68, 18: 69, 19: 70, 20: 71, 21: 72, 22: 73, 23: 74, 24: 75, 25: 76, 26: 77, 27: 78, 28: 79, 29: 80, 30: 81, 31: 82, 32: 83, 33: 84, 34: 85, 35: 86, 36: 88, 37: 89}
max_note = 89
min_note = 50

